-BEGIN HEADER-
NASA/POWER CERES/MERRA2 Native Resolution Monthly and Annual 
Dates (month/day/year): 01/01/2011 through 12/31/2021 
Location: Latitude  -9.3822   Longitude -38.0007 
Elevation from MERRA-2: Average for 0.5 x 0.625 degree lat/lon region = 310.59 meters
The value for missing source data that cannot be computed or is outside of the sources availability range: -999 
Parameter(s): 
ALLSKY_KT                Índice de Clareza de Insolação de todo o Céu 
CLOUD_AMT                Quantidade de nuvem (%) 
CLRSKY_KT                Índice de Clareza de Insolação de Céu Claro 
TOA_SW_DWN               Irradiância descendente de ondas curtas no topo da atmosfera (kW-hr/m^2/day) 
ALLSKY_SFC_UVA           Irradiância UVA de toda a superfície do céu (W/m^2) 
ALLSKY_SFC_UVB           Irradiância UVB de toda a superfície do céu (W/m^2) 
ALLSKY_SFC_SW_DNI        Irradiância descendente normal direta de superfície de ondas curtas de todo o céu (kW-hr/m^2/day) 
ALLSKY_SFC_SW_DWN        Irradiância descendente de ondas curtas em toda a superfície do céu (kW-hr/m^2/day) 
CLRSKY_SFC_SW_DWN        Irradiância descendente de ondas curtas de superfície de céu claro (kW-hr/m^2/day) 
ALLSKY_SFC_PAR_TOT       PAR total da superfície do céu (W/m^2) 
ALLSKY_SFC_SW_DIFF       Irradiância difusa de ondas curtas da superfície de todo o céu (kW-hr/m^2/day) 
CLRSKY_SFC_PAR_TOT       PAR total de superfície de céu claro (W/m^2) 
-END HEADER-
PARAMETER,YEAR,JAN,FEB,MAR,APR,MAY,JUN,JUL,AUG,SEP,OCT,NOV,DEC,ANN
ALLSKY_KT,2011,0.58,0.52,0.61,0.59,0.48,0.56,0.55,0.62,0.57,0.56,0.56,0.62,0.57
ALLSKY_KT,2012,0.57,0.57,0.64,0.65,0.59,0.57,0.54,0.58,0.62,0.6,0.6,0.62,0.59
ALLSKY_KT,2013,0.56,0.6,0.59,0.59,0.55,0.58,0.57,0.55,0.61,0.62,0.56,0.59,0.58
ALLSKY_KT,2014,0.62,0.53,0.56,0.56,0.53,0.54,0.55,0.58,0.61,0.57,0.59,0.58,0.57
ALLSKY_KT,2015,0.62,0.57,0.6,0.63,0.56,0.51,0.54,0.62,0.66,0.63,0.68,0.62,0.61
ALLSKY_KT,2016,0.5,0.6,0.59,0.57,0.56,0.58,0.59,0.61,0.62,0.63,0.62,0.59,0.59
ALLSKY_KT,2017,0.61,0.56,0.58,0.57,0.51,0.52,0.5,0.56,0.52,0.59,0.61,0.58,0.56
ALLSKY_KT,2018,0.57,0.56,0.57,0.52,0.58,0.57,0.59,0.65,0.64,0.62,0.62,0.59,0.59
ALLSKY_KT,2019,0.6,0.59,0.59,0.59,0.62,0.55,0.55,0.59,0.64,0.66,0.66,0.62,0.61
ALLSKY_KT,2020,0.56,0.54,0.52,0.57,0.54,0.54,0.56,0.59,0.63,0.67,0.55,0.62,0.58
ALLSKY_KT,2021,0.52,0.59,0.59,0.54,0.52,0.55,0.55,0.58,0.63,0.64,0.56,0.52,0.56
CLOUD_AMT,2011,60.26,62.33,56.45,53.85,70.16,48.5,47.95,35.31,41.63,49.27,51.09,41.98,51.51
CLOUD_AMT,2012,67.32,58.95,38.63,33.98,42.26,43.02,45.77,40.28,34.75,39.32,55.93,51.03,45.91
CLOUD_AMT,2013,64.96,51.34,45.29,53.84,56.48,39.96,48.98,45.44,37.35,37.52,54.14,52.91,49.03
CLOUD_AMT,2014,44.21,64.27,58.59,58.71,54.7,48.05,50.52,42.23,40.0,52.88,50.29,55.32,51.57
CLOUD_AMT,2015,48.2,64.08,55.97,44.05,56.53,57.17,54.78,38.05,28.87,31.71,25.8,41.72,45.49
CLOUD_AMT,2016,72.48,46.07,41.68,52.78,53.3,42.87,36.73,37.99,35.25,36.17,42.51,47.41,45.45
CLOUD_AMT,2017,54.73,64.84,58.41,49.16,63.23,54.97,53.08,48.82,47.79,41.88,40.47,54.95,52.64
CLOUD_AMT,2018,64.53,66.09,56.52,68.41,47.52,38.79,37.87,30.82,29.14,35.2,50.65,54.95,48.25
CLOUD_AMT,2019,53.06,63.59,57.77,54.67,40.9,47.02,42.64,38.67,30.19,30.09,39.76,38.28,44.59
CLOUD_AMT,2020,60.16,66.61,74.15,63.43,61.77,46.05,38.85,39.16,33.91,30.6,60.6,48.41,51.91
CLOUD_AMT,2021,74.71,66.62,62.18,74.14,58.48,49.71,42.55,41.28,36.73,39.79,66.27,74.19,57.15
CLRSKY_KT,2011,0.73,0.71,0.73,0.72,0.7,0.73,0.73,0.73,0.73,0.72,0.73,0.73,0.73
CLRSKY_KT,2012,0.73,0.73,0.74,0.74,0.73,0.73,0.73,0.74,0.73,0.73,0.73,0.73,0.73
CLRSKY_KT,2013,0.72,0.73,0.73,0.73,0.71,0.72,0.73,0.73,0.73,0.73,0.73,0.73,0.73
CLRSKY_KT,2014,0.74,0.73,0.73,0.71,0.72,0.72,0.72,0.74,0.74,0.73,0.73,0.73,0.73
CLRSKY_KT,2015,0.74,0.73,0.73,0.73,0.72,0.72,0.72,0.74,0.75,0.74,0.74,0.73,0.73
CLRSKY_KT,2016,0.7,0.73,0.73,0.73,0.73,0.73,0.73,0.74,0.74,0.73,0.73,0.73,0.73
CLRSKY_KT,2017,0.73,0.72,0.73,0.72,0.72,0.72,0.73,0.73,0.73,0.73,0.73,0.73,0.73
CLRSKY_KT,2018,0.73,0.72,0.72,0.71,0.72,0.73,0.73,0.74,0.73,0.73,0.73,0.73,0.73
CLRSKY_KT,2019,0.73,0.72,0.72,0.72,0.73,0.72,0.72,0.73,0.74,0.74,0.74,0.73,0.73
CLRSKY_KT,2020,0.72,0.7,0.7,0.71,0.71,0.72,0.73,0.73,0.74,0.74,0.72,0.73,0.73
CLRSKY_KT,2021,0.73,0.72,0.73,0.71,0.72,0.73,0.72,0.73,0.73,0.73,0.73,0.71,0.73
TOA_SW_DWN,2011,10.91,10.86,10.42,9.57,8.65,8.15,8.34,9.1,9.98,10.6,10.83,10.86,9.85
TOA_SW_DWN,2012,10.91,10.86,10.4,9.55,8.63,8.14,8.35,9.13,10.01,10.61,10.83,10.86,9.85
TOA_SW_DWN,2013,10.91,10.85,10.41,9.55,8.64,8.15,8.35,9.12,10.0,10.6,10.82,10.86,9.85
TOA_SW_DWN,2014,10.91,10.85,10.42,9.56,8.65,8.15,8.35,9.11,9.99,10.6,10.83,10.86,9.85
TOA_SW_DWN,2015,10.92,10.86,10.42,9.57,8.65,8.15,8.34,9.11,9.99,10.6,10.83,10.86,9.85
TOA_SW_DWN,2016,10.91,10.86,10.4,9.54,8.63,8.14,8.35,9.13,10.0,10.61,10.82,10.86,9.85
TOA_SW_DWN,2017,10.91,10.85,10.41,9.55,8.64,8.14,8.35,9.12,10.0,10.6,10.82,10.85,9.85
TOA_SW_DWN,2018,10.91,10.85,10.41,9.56,8.64,8.14,8.34,9.11,9.99,10.6,10.82,10.85,9.85
TOA_SW_DWN,2019,10.91,10.85,10.42,9.56,8.65,8.14,8.34,9.1,9.98,10.59,10.82,10.85,9.85
TOA_SW_DWN,2020,10.91,10.85,10.4,9.54,8.63,8.14,8.36,9.13,10.0,10.6,10.82,10.86,9.85
TOA_SW_DWN,2021,10.91,10.85,10.41,9.55,8.64,8.14,8.35,9.12,10.0,10.6,10.82,10.86,9.85
ALLSKY_SFC_UVA,2011,17.63,15.91,17.7,15.4,11.85,12.51,12.53,15.06,15.57,16.51,17.17,18.42,15.52
ALLSKY_SFC_UVA,2012,17.59,17.52,18.32,16.64,13.77,12.49,12.45,14.45,16.58,17.55,17.99,18.29,16.13
ALLSKY_SFC_UVA,2013,17.78,18.07,16.66,15.47,13.04,12.68,12.97,13.85,16.66,17.97,17.1,18.07,15.84
ALLSKY_SFC_UVA,2014,19.12,16.53,16.75,14.91,12.74,11.91,12.34,14.51,16.8,16.8,17.73,17.65,15.65
ALLSKY_SFC_UVA,2015,19.01,17.72,17.28,16.57,13.36,11.51,12.4,15.13,17.83,18.44,20.01,18.58,16.48
ALLSKY_SFC_UVA,2016,15.98,18.52,17.23,15.09,13.37,12.54,13.16,15.05,16.81,18.2,18.32,17.91,16.01
ALLSKY_SFC_UVA,2017,18.44,17.16,16.91,15.0,12.21,11.73,11.75,14.1,14.48,17.16,18.15,17.55,15.38
ALLSKY_SFC_UVA,2018,17.66,17.26,16.97,13.76,13.54,12.56,13.09,15.58,17.29,17.66,18.29,17.91,15.96
ALLSKY_SFC_UVA,2019,18.66,17.87,17.27,15.36,14.42,12.38,12.45,14.25,17.18,18.77,19.38,18.7,16.38
ALLSKY_SFC_UVA,2020,17.5,16.32,15.34,14.95,13.02,12.02,12.7,14.65,17.32,19.19,16.67,18.28,15.66
ALLSKY_SFC_UVA,2021,16.37,17.77,16.91,14.23,12.33,12.23,12.49,14.42,17.1,18.21,17.09,15.91,15.41
ALLSKY_SFC_UVB,2011,0.53,0.48,0.53,0.46,0.35,0.35,0.35,0.43,0.45,0.49,0.52,0.55,0.46
ALLSKY_SFC_UVB,2012,0.55,0.56,0.57,0.5,0.4,0.35,0.35,0.42,0.49,0.53,0.55,0.55,0.48
ALLSKY_SFC_UVB,2013,0.56,0.56,0.51,0.47,0.38,0.34,0.35,0.4,0.48,0.53,0.51,0.55,0.47
ALLSKY_SFC_UVB,2014,0.59,0.52,0.52,0.45,0.38,0.34,0.34,0.42,0.49,0.49,0.52,0.52,0.46
ALLSKY_SFC_UVB,2015,0.59,0.55,0.54,0.51,0.39,0.33,0.35,0.44,0.52,0.54,0.59,0.55,0.49
ALLSKY_SFC_UVB,2016,0.5,0.59,0.55,0.46,0.39,0.35,0.37,0.43,0.49,0.55,0.56,0.55,0.48
ALLSKY_SFC_UVB,2017,0.57,0.53,0.52,0.45,0.36,0.34,0.34,0.42,0.44,0.51,0.54,0.54,0.46
ALLSKY_SFC_UVB,2018,0.55,0.56,0.54,0.42,0.4,0.36,0.37,0.45,0.51,0.53,0.55,0.55,0.48
ALLSKY_SFC_UVB,2019,0.58,0.56,0.54,0.47,0.42,0.35,0.35,0.42,0.52,0.56,0.59,0.59,0.5
ALLSKY_SFC_UVB,2020,0.56,0.52,0.5,0.48,0.41,0.36,0.38,0.46,0.56,0.59,0.52,0.58,0.49
ALLSKY_SFC_UVB,2021,0.54,0.62,0.55,0.45,0.37,0.34,0.36,0.43,0.51,0.54,0.52,0.5,0.48
ALLSKY_SFC_SW_DNI,2011,4.57,3.66,5.23,4.58,2.8,4.23,3.94,5.38,4.49,4.52,4.67,5.8,4.49
ALLSKY_SFC_SW_DNI,2012,4.41,4.73,6.48,6.43,5.18,5.05,4.34,5.2,5.89,5.42,5.77,5.87,5.4
ALLSKY_SFC_SW_DNI,2013,4.64,5.33,5.24,4.99,4.13,5.04,4.75,4.64,5.94,6.23,4.96,5.86,5.15
ALLSKY_SFC_SW_DNI,2014,6.1,4.1,4.36,4.32,4.14,4.52,4.55,5.15,5.93,4.88,5.44,5.23,4.9
ALLSKY_SFC_SW_DNI,2015,5.73,4.66,5.08,6.06,4.41,3.68,4.25,5.74,7.01,6.69,8.02,6.5,5.65
ALLSKY_SFC_SW_DNI,2016,3.89,5.81,5.32,4.58,4.53,5.29,5.64,5.9,6.19,6.42,6.22,5.78,5.46
ALLSKY_SFC_SW_DNI,2017,5.26,4.18,4.61,4.84,3.65,3.96,3.73,4.8,4.34,5.78,6.14,5.41,4.73
ALLSKY_SFC_SW_DNI,2018,4.61,4.44,4.78,3.45,4.82,4.99,5.11,6.27,6.59,6.17,5.84,5.55,5.23
ALLSKY_SFC_SW_DNI,2019,5.42,4.97,5.21,4.91,5.87,4.74,4.84,5.21,6.62,7.06,7.12,6.53,5.71
ALLSKY_SFC_SW_DNI,2020,4.77,4.21,3.82,4.51,4.09,4.43,4.95,5.35,6.31,7.59,4.88,5.85,5.07
ALLSKY_SFC_SW_DNI,2021,3.65,4.7,4.64,3.68,3.98,4.4,4.65,4.94,6.28,6.54,4.74,3.91,4.67
ALLSKY_SFC_SW_DWN,2011,6.29,5.58,6.39,5.62,4.2,4.6,4.55,5.63,5.71,5.99,6.13,6.75,5.62
ALLSKY_SFC_SW_DWN,2012,6.23,6.21,6.69,6.21,5.07,4.67,4.51,5.26,6.14,6.4,6.55,6.74,5.89
ALLSKY_SFC_SW_DWN,2013,6.16,6.52,6.09,5.64,4.72,4.73,4.74,5.02,6.11,6.57,6.12,6.38,5.73
ALLSKY_SFC_SW_DWN,2014,6.79,5.74,5.85,5.34,4.62,4.38,4.54,5.29,6.12,6.06,6.3,6.25,5.61
ALLSKY_SFC_SW_DWN,2015,6.71,6.21,6.24,6.02,4.87,4.12,4.52,5.62,6.62,6.73,7.37,6.69,5.97
ALLSKY_SFC_SW_DWN,2016,5.49,6.55,6.09,5.41,4.85,4.68,4.93,5.57,6.15,6.71,6.71,6.48,5.8
ALLSKY_SFC_SW_DWN,2017,6.65,6.12,5.99,5.43,4.39,4.21,4.15,5.09,5.12,6.3,6.64,6.32,5.53
ALLSKY_SFC_SW_DWN,2018,6.23,6.09,5.93,4.94,4.97,4.67,4.91,5.89,6.43,6.57,6.71,6.43,5.81
ALLSKY_SFC_SW_DWN,2019,6.56,6.37,6.22,5.64,5.43,4.54,4.6,5.3,6.38,6.94,7.16,6.81,5.99
ALLSKY_SFC_SW_DWN,2020,6.18,5.89,5.39,5.41,4.68,4.37,4.7,5.4,6.36,7.14,6.0,6.68,5.68
ALLSKY_SFC_SW_DWN,2021,5.72,6.35,6.07,5.17,4.52,4.53,4.6,5.3,6.31,6.75,6.08,5.59,5.58
CLRSKY_SFC_SW_DWN,2011,7.89,7.76,7.53,6.88,6.1,5.89,6.05,6.72,7.29,7.61,7.83,7.91,7.12
CLRSKY_SFC_SW_DWN,2012,7.94,7.89,7.71,7.08,6.28,5.89,6.11,6.76,7.36,7.83,7.85,7.92,7.22
CLRSKY_SFC_SW_DWN,2013,7.88,7.98,7.56,6.96,6.16,5.85,6.06,6.64,7.38,7.82,7.86,7.87,7.16
CLRSKY_SFC_SW_DWN,2014,8.06,7.89,7.56,6.84,6.2,5.88,6.03,6.74,7.38,7.74,7.88,7.87,7.17
CLRSKY_SFC_SW_DWN,2015,8.07,7.9,7.59,6.99,6.2,5.84,6.01,6.73,7.45,7.84,8.04,7.98,7.21
CLRSKY_SFC_SW_DWN,2016,7.68,7.91,7.58,6.93,6.25,5.92,6.15,6.76,7.39,7.82,7.93,7.94,7.19
CLRSKY_SFC_SW_DWN,2017,8.02,7.83,7.53,6.88,6.19,5.85,6.07,6.73,7.35,7.82,7.94,7.89,7.17
CLRSKY_SFC_SW_DWN,2018,7.96,7.8,7.5,6.82,6.24,5.91,6.09,6.73,7.37,7.71,7.9,7.86,7.15
CLRSKY_SFC_SW_DWN,2019,8.02,7.84,7.5,6.86,6.26,5.88,6.01,6.63,7.37,7.82,8.01,7.98,7.18
CLRSKY_SFC_SW_DWN,2020,7.86,7.66,7.35,6.79,6.11,5.83,6.08,6.72,7.45,7.84,7.82,7.96,7.12
CLRSKY_SFC_SW_DWN,2021,7.9,7.82,7.6,6.77,6.22,5.89,6.02,6.69,7.33,7.77,7.86,7.73,7.13
ALLSKY_SFC_PAR_TOT,2011,126.27,113.39,127.61,111.76,85.22,90.98,90.2,109.7,112.64,119.25,122.55,132.94,111.89
ALLSKY_SFC_PAR_TOT,2012,124.64,125.25,131.93,121.05,100.02,91.76,89.48,103.45,119.83,126.34,129.69,132.3,116.27
ALLSKY_SFC_PAR_TOT,2013,124.84,129.68,120.97,111.8,94.54,93.24,93.87,99.57,119.84,129.38,122.0,127.52,113.84
ALLSKY_SFC_PAR_TOT,2014,134.95,116.85,118.83,107.52,92.45,86.66,89.84,104.22,120.45,120.6,126.35,124.83,111.94
ALLSKY_SFC_PAR_TOT,2015,133.81,125.6,124.55,119.59,97.15,82.69,89.62,109.62,128.43,132.18,143.72,132.02,118.19
ALLSKY_SFC_PAR_TOT,2016,112.75,131.41,122.12,108.07,96.38,91.59,95.66,108.14,120.59,131.13,131.7,127.88,114.71
ALLSKY_SFC_PAR_TOT,2017,131.67,122.86,120.0,108.3,88.11,84.11,83.03,100.55,102.66,123.51,130.38,125.02,109.95
ALLSKY_SFC_PAR_TOT,2018,124.84,123.41,120.09,99.14,98.48,91.85,95.62,113.79,125.38,128.75,131.97,127.62,115.05
ALLSKY_SFC_PAR_TOT,2019,131.74,128.06,124.61,112.29,106.52,90.04,90.83,103.79,124.59,135.77,139.64,133.88,118.42
ALLSKY_SFC_PAR_TOT,2020,124.09,118.47,109.84,108.48,94.51,87.43,92.44,105.91,125.03,139.33,120.09,131.88,113.12
ALLSKY_SFC_PAR_TOT,2021,115.27,127.73,121.27,103.12,89.45,89.3,90.97,104.05,124.12,132.8,121.67,112.81,110.93
ALLSKY_SFC_SW_DIFF,2011,3.14,3.03,2.74,2.58,2.48,2.04,2.15,2.15,2.67,2.79,2.83,2.76,2.61
ALLSKY_SFC_SW_DIFF,2012,3.11,2.83,2.1,1.94,1.83,1.67,1.88,1.94,2.06,2.57,2.36,2.64,2.24
ALLSKY_SFC_SW_DIFF,2013,2.82,2.75,2.48,2.27,2.12,1.71,1.84,2.05,2.01,2.2,2.61,2.33,2.26
ALLSKY_SFC_SW_DIFF,2014,2.53,2.81,2.78,2.4,2.02,1.67,1.76,1.98,1.96,2.56,2.53,2.6,2.3
ALLSKY_SFC_SW_DIFF,2015,2.67,2.78,2.67,1.95,2.08,1.92,1.89,1.86,1.76,2.0,1.76,2.17,2.12
ALLSKY_SFC_SW_DIFF,2016,2.67,2.33,2.4,2.37,2.0,1.52,1.52,1.74,1.93,2.16,2.36,2.49,2.12
ALLSKY_SFC_SW_DIFF,2017,2.96,3.1,2.76,2.21,2.11,1.83,1.88,2.03,2.2,2.25,2.33,2.58,2.35
ALLSKY_SFC_SW_DIFF,2018,2.98,2.91,2.6,2.6,1.98,1.75,1.84,1.83,1.93,2.24,2.52,2.55,2.31
ALLSKY_SFC_SW_DIFF,2019,2.79,2.78,2.5,2.34,1.74,1.72,1.64,1.9,1.87,1.96,2.09,2.34,2.14
ALLSKY_SFC_SW_DIFF,2020,2.83,2.78,2.64,2.3,2.08,1.76,1.69,1.95,2.04,1.69,2.57,2.66,2.25
ALLSKY_SFC_SW_DIFF,2021,3.17,2.93,2.78,2.59,2.05,1.91,1.8,2.1,1.95,2.11,2.69,2.82,2.41
CLRSKY_SFC_PAR_TOT,2011,152.94,150.22,146.62,133.84,119.11,113.95,116.73,128.18,138.37,146.2,151.09,151.88,137.36
CLRSKY_SFC_PAR_TOT,2012,153.45,152.57,148.48,136.12,121.82,113.98,117.49,129.49,139.86,149.58,151.59,151.77,138.81
CLRSKY_SFC_PAR_TOT,2013,153.53,153.65,145.72,135.07,120.23,113.47,117.26,127.38,140.84,149.85,151.35,152.77,138.34
CLRSKY_SFC_PAR_TOT,2014,155.6,152.77,147.27,133.54,120.59,113.71,116.33,129.18,141.26,148.27,152.49,152.11,138.52
CLRSKY_SFC_PAR_TOT,2015,155.96,153.41,146.97,136.23,120.96,113.42,116.09,128.53,141.64,149.77,154.12,153.64,139.14
CLRSKY_SFC_PAR_TOT,2016,150.8,153.72,147.33,134.51,121.36,114.2,117.56,128.76,141.13,149.06,152.16,152.66,138.55
CLRSKY_SFC_PAR_TOT,2017,154.19,150.81,145.52,134.02,120.53,113.48,117.05,129.0,140.51,148.84,152.31,152.01,138.12
CLRSKY_SFC_PAR_TOT,2018,153.96,151.62,146.3,132.32,120.83,113.79,116.77,128.05,140.63,147.3,151.73,151.98,137.86
CLRSKY_SFC_PAR_TOT,2019,155.41,152.39,146.2,133.54,121.31,113.92,115.75,126.73,140.58,149.66,153.18,153.43,138.43
CLRSKY_SFC_PAR_TOT,2020,152.48,148.8,143.7,132.53,120.04,113.33,116.66,128.25,141.96,149.4,150.64,152.6,137.5
CLRSKY_SFC_PAR_TOT,2021,151.86,151.2,146.46,130.91,119.59,113.06,115.74,127.88,139.88,148.51,151.73,149.79,137.14
